32 23
13 15 0   8 15 0   7 14 0   7 10 0   8 9 0   11 9 0   11 7 0   7 7 0   7 5 0   12 5 0   13 6 0   13 10 0   12 11 0   9 11 0   9 13 0   13 13 0
13 15 1   8 15 1   7 14 1   7 10 1   8 9 1   11 9 1   11 7 1   7 7 1   7 5 1   12 5 1   13 6 1   13 10 1   12 11 1   9 11 1   9 13 1   13 13 1
4	0 1 17 16 
4	1 2 18 17
4	2 3 19 18
4	3 4 20 19
4	4 5 21 20
4	5 6 22 21
4	6 7 23 22
4	7 8 24 23
4	8 9 25 24
4	9 10 26 25
4	10 11 27 26
4	11 12 28 27
4	12 13 29 28
4	13 14 30 29
4	14 15 31 30
4	0 15 31 16
4 0 1 14 15
4 1 2 3 14
4 3 4 13 14
4 4 5 12 13
4 5 6 11 12
4 6 9 10 11
4 6 7 8 9
